9 34
3 38
41 3
11 40
15 39
4 44
14 43
19 43
3 47
21 45
15 48
1 53
12 52
53 15
52 19
27 50
3 60
32 52
58 23
61 21
22 62
63 19
22 63
57 36
33 59
28 63
68 19
32 63
36 61
33 63
8 71
72 6
69 23
72 14
20 72
0 75
74 16
4 77
24 75
37 71
81 3
9 81
76 32
80 20
11 83
81 24
85 0
79 32
85 8
76 39
86 5
76 43
87 10
33 82
39 82
22 90
87 32
86 36
22 92
90 35
33 91
13 96
16 96
32 94
46 90
90 51
53 89
104 7
7 104
7 104
97 42
15 105
60 89
40 100
91 58
50 97
99 46
40 102
108 19
55 95
98 50
64 91
113 4
56 99
107 39
97 60
32 111
1 116
108 44
105 52
44 110
73 94
74 94
15 119
103 64
19 121
53 112
124 19
43 118
113 55
62 110
109 65
125 23
124 30
70 107
102 79
37 124
128 19
124 40
63 115
46 123
132 5
133 12
5 134
134 16
108 81
66 118
134 23
73 115
59 123
41 131
43 131
116 75
137 19
123 64
116 76
131 46
139 6
137 26
129 53
73 120
138 29
118 78
43 135
56 131
127 66
19 142
72 124
117 83
143 15
140 39
133 59
115 90
147 1
145 27
45 141
145 30
133 66
149 3
18 148
147 25
23 148
53 141
29 149
85 127
59 141
151 30
35 150
55 144
87 128
124 93
60 143
150 40
128 89
151 39
69 140
129 88
156 11
49 149
25 155
154 31
98 123
147 57
150 49
156 24
133 85
1 158
158 10
27 156
152 47
137 81
85 135
16 160
53 152
48 154
141 79
80 142
26 161
162 21
127 103
74 146
159 41
21 163
151 65
148 72
6 165
79 145
42 160
153 64
79 146
166 9
158 52
26 166
5 168
168 12
23 168
170 2
28 168
7 171
170 20
109 132
143 95
98 141
65 159
167 43
72 157
169 36
171 30
170 36
11 174
150 89
31 172
142 102
161 70
151 90
9 177
88 154
170 51
103 145
106 143
178 12
156 87
176 31
86 157
74 163
155 93
181 0
181 3
54 173
168 68
156 93
160 86
88 159
168 70
29 180
49 176
99 154
182 22
170 69
30 181
75 168
169 73
154 101
163 86
70 171
54 177
154 104
54 178
53 179
103 156
112 150
15 187
183 43
188 14
65 177
158 103
69 176
74 174
177 67
62 179
169 86
25 188
173 78
181 58
89 168
9 190
190 13
177 72
191 8
45 186
184 55
183 61
90 171
175 82
167 98
188 47
124 149
61 184
63 184
122 152
174 88
57 187
107 164
177 84
20 196
45 192
196 22
167 105
192 46
185 69
90 176
40 194
198 11
113 163
195 37
86 179
118 160
6 199
153 128
47 194
125 156
164 115
195 46
12 200
162 118
13 200
81 184
201 5
201 6
109 169
127 156
199 30
200 24
52 195
194 56
164 118
98 177
188 75
102 175
203 7
82 186
58 195
194 62
79 188
110 172
200 44
200 45
170 115
58 197
180 99
156 134
157 133
206 1
7 206
190 80
204 32
120 169
207 11
122 168
203 44
207 19
180 104
208 4
36 205
46 203
206 31
63 199
128 165
0 209
166 127
4 209
10 209
171 121
188 93
34 207
206 41
83 193
37 207
162 135
211 15
190 93
139 160
8 212
123 173
91 192
54 206
180 114
213 6
113 181
105 186
209 45
104 187
62 205
163 139
121 177
206 61
134 168
214 20
5 215
182 115
213 32
81 200
186 110
142 163
169 135
217 0
203 77
212 47
142 165
217 18
23 217
170 138
165 144
211 59
182 122
216 38
73 207
207 73
217 36
216 42
134 175
208 73
209 71
216 46
14 221
145 168
90 203
200 98
85 206
1 223
100 200
210 78
3 224
176 139
208 85
208 85
90 206
12 225
220 49
179 137
210 82
68 215
69 215
109 198
148 171
96 205
170 150
211 83
217 66
118 194
118 194
226 24
226 24
65 218
119 194
59 220
199 111
2 228
47 224
104 204
211 89
228 22
14 229
91 211
5 230
228 34
214 86
228 36
25 230
57 225
151 177
230 39
233 16
228 51
155 175
64 225
61 226
234 8
15 234
176 155
147 183
231 42
107 209
122 201
139 190
20 235
183 149
98 215
33 234
227 66
40 233
233 40
206 117
110 210
10 237
123 203
237 14
230 60
52 232
0 238
234 44
232 54
154 182
99 217
237 28
85 223
230 64
80 225
205 123
198 134
229 69
236 43
23 239
10 240
34 238
199 135
4 241
222 94
127 205
129 204
203 131
127 206
117 212
239 41
206 129
32 241
230 79
73 232
240 40
200 139
231 78
210 124
220 107
58 238
76 233
73 234
238 59
122 213
220 109
184 163
33 244
135 206
155 192
30 245
87 231
145 200
33 245
130 211
66 239
244 45
129 212
27 247
52 243
216 123
230 95
245 45
131 212
214 128
189 163
91 233
115 223
251 0
0 251
250 26
154 199
90 235
242 69
228 109
19 252
247 54
236 92
238 87
245 65
85 239
130 218
191 168
52 249
253 29
255 7
147 209
253 36
244 76
30 254
83 242
0 256
254 34
201 159
76 245
206 153
193 170
82 244
233 110
258 4
258 10
223 131
258 21
259 4
96 241
251 66
241 97
226 129
57 254
254 58
260 17
242 97
140 220
121 231
255 55
125 229
107 238
224 134
73 251
244 94
58 255
100 242
214 151
23 261
235 116
41 259
170 200
105 241
199 172
76 252
86 249
263 16
252 77
129 230
87 249
256 65
259 52
42 261
150 218
257 64
46 261
58 259
261 49
263 37
59 259
64 258
21 265
128 233
251 88
145 223
261 52
248 97
49 262
114 241
165 210
87 253
128 235
46 264
258 74
43 265
267 29
170 208
258 75
88 254
200 180
212 166
12 269
170 209
15 269
206 174
270 0
158 219
77 259
220 157
58 264
110 247
261 71
229 144
96 253
238 132
96 255
254 99
9 273
26 272
251 108
206 180
90 259
273 29
142 235
254 105
271 47
129 243
145 234
167 219
149 232
269 61
269 61
274 34
259 96
127 246
132 244
277 16
173 217
19 277
227 160
275 40
96 261
51 274
278 22
278 22
279 4
279 9
11 279
214 180
279 20
233 155
115 256
61 274
184 212
276 52
122 253
279 33
33 279
247 134
269 82
112 258
253 123
108 260
137 246
99 264
67 274
7 282
140 245
20 282
213 186
118 257
269 88
281 36
241 149
157 236
283 17
252 130
261 111
228 169
9 284
237 157
76 274
231 166
31 283
53 280
167 231
124 257
230 169
119 260
272 90
175 227
82 275
156 241
245 150
287 13
87 274
246 149
189 217
248 146
146 248
284 48
5 288
155 243
277 80
224 182
215 193
150 247
278 79
44 286
87 276
68 282
149 249
131 259
127 261
69 282
181 227
192 218
51 286
274 97
72 282
260 131
26 290
80 280
99 274
39 289
291 21
176 233
264 126
293 1
8 293
267 121
161 245
10 293
287 60
73 284
170 239
239 170
181 231
254 147
282 87
28 294
56 290
235 179
168 243
288 67
272 116
150 255
277 104
294 36
256 149
230 187
86 284
86 284
93 282
64 290
268 128
295 35
182 235
50 293
255 153
274 116
143 261
297 24
298 0
298 7
91 284
295 46
291 67
285 90
38 297
109 279
39 297
162 252
297 41
294 59
28 299
239 182
285 95
295 58
42 298
118 277
262 149
274 127
118 278
130 273
199 228
273 131
181 243
294 74
95 288
109 283
256 163
262 154
180 245
292 85
268 144
263 153
298 63
177 248
121 280
257 165
271 141
231 200
299 63
127 278
100 289
271 142
157 263
282 120
289 102
286 111
195 237
200 233
258 167
119 284
153 268
236 201
241 195
298 86
134 280
293 104
156 269
82 300
248 188
111 291
128 284
295 102
139 280
265 166
232 210
286 128
294 110
284 134
270 161
160 271
134 285
116 293
257 183
98 300
253 189
261 178
253 190
164 271
184 258
293 123
298 111
274 162
121 295
158 277
275 162
297 117
247 203
282 151
284 148
185 262
270 174
265 182
295 128
280 159
259 192
205 249
299 121
135 293
256 197
281 160
240 217
213 244
294 136
179 270
202 254
288 150
218 242
215 245
291 147
279 169
247 215
193 265
291 152
163 285
175 278
245 219
205 257
171 281
250 215
259 205
164 287
214 252
290 159
261 204
278 181
292 158
175 283
290 164
274 190
253 218
179 282
295 157
284 179
193 275
163 295
165 295
252 226
226 252
270 205
263 214
253 226
206 271
195 280
268 214
232 253
296 174
299 169
201 279
219 266
272 212
288 190
180 295
277 207
203 280
193 287
275 210
216 271
271 216
281 204
293 189
213 277
277 213
191 293
188 295
264 230
189 295
195 292
260 236
266 231
237 261
186 300
225 272
289 204
264 236
288 207
223 276
267 234
206 291
278 225
223 280
281 222
220 284
298 201
289 214
214 290
207 297
273 238
236 276
291 219
223 288
221 290
295 215
220 293
291 223
218 295
272 247
215 299
278 242
285 235
229 290
217 300
297 223
289 234
287 239
288 238
249 279
246 282
280 249
225 300
295 233
251 281
249 284
296 236
288 254
297 245
252 294
292 256
250 298
255 294
288 265
259 294
258 298
292 269
275 297
